
 [49m                    [38;2;204;198;139;49m▄▄[38;2;253;250;236;48;2;204;198;139m▄[48;2;204;198;139m [m
 [49m                 [38;2;226;197;168;49m▄[38;2;253;249;236;48;2;215;210;161m▄[38;2;253;250;236;48;2;204;198;139m▄[38;2;248;245;227;48;2;253;250;236m▄[38;2;253;250;236;48;2;255;252;240m▄[48;2;204;198;139m [49m [m
 [49m               [38;2;218;181;148;49m▄[38;2;253;249;236;48;2;218;181;148m▄[38;2;243;228;250;48;2;253;249;236m▄[38;2;253;249;236;48;2;250;243;228m▄[38;2;250;243;228;48;2;253;249;236m▄[48;2;253;249;236m [38;2;226;197;168;48;2;218;181;148m▄[49m  [m
 [49m             [38;2;194;148;218;49m▄[38;2;248;236;253;48;2;194;148;218m▄[38;2;243;228;250;48;2;248;236;253m▄[38;2;248;236;253;48;2;243;228;250m▄[38;2;243;228;250;48;2;248;236;253m▄[38;2;248;236;253;48;2;250;243;228m▄[38;2;218;181;148;48;2;253;249;236m▄[49;38;2;226;197;168m▀[49m   [m
 [49m           [38;2;133;115;205;49m▄[38;2;246;235;253;48;2;133;115;205m▄[38;2;207;194;237;48;2;246;235;253m▄[38;2;246;235;253;48;2;239;221;248m▄[38;2;239;221;248;48;2;248;236;253m▄[38;2;248;236;253;48;2;243;228;250m▄[38;2;183;130;211;48;2;248;236;253m▄[49;38;2;183;130;211m▀[49m     [m
 [49m   [38;2;69;136;103;49m▄[38;2;194;221;237;48;2;117;167;209m▄[48;2;117;167;209m [49m   [38;2;133;115;205;49m▄[38;2;246;235;253;48;2;133;115;205m▄[38;2;237;226;249;48;2;246;235;253m▄[38;2;230;219;246;48;2;207;194;237m▄[38;2;207;194;237;48;2;237;226;249m▄[38;2;246;235;253;48;2;207;194;237m▄[38;2;133;115;205;48;2;246;235;253m▄[49;38;2;183;130;211m▀[49m       [m
 [49m   [48;2;69;136;103m [38;2;225;251;246;48;2;238;252;253m▄[48;2;117;167;209m [49m [38;2;117;167;209;49m▄[38;2;238;252;253;48;2;117;167;209m▄[38;2;228;245;250;48;2;246;235;253m▄[38;2;238;252;253;48;2;221;239;247m▄[38;2;230;219;246;48;2;246;235;253m▄[38;2;246;235;253;48;2;237;226;249m▄[38;2;133;115;205;48;2;246;235;253m▄[49;38;2;133;115;205m▀[49m         [m
 [49m   [48;2;69;136;103m [38;2;212;241;234;48;2;225;251;246m▄[48;2;212;241;234m [38;2;69;136;103;48;2;117;167;209m▄[38;2;194;221;237;48;2;238;252;253m▄[38;2;238;252;253;48;2;221;239;247m▄[38;2;221;239;247;48;2;238;252;253m▄[38;2;238;252;253;48;2;228;245;250m▄[38;2;117;167;209;48;2;238;252;253m▄[49;38;2;117;167;209m▀[49m           [m
 [49m   [49;38;2;69;136;103m▀[38;2;69;136;103;48;2;168;208;193m▄[38;2;168;208;193;48;2;225;251;246m▄[38;2;225;251;246;48;2;212;241;234m▄[38;2;212;241;234;48;2;117;167;209m▄[38;2;117;167;209;48;2;194;221;237m▄[38;2;117;167;209;48;2;238;252;253m▄[49;38;2;117;167;209m▀[49m             [m
 [49m   [38;2;69;136;103;49m▄[38;2;225;251;246;48;2;69;136;103m▄[38;2;69;136;103;48;2;225;251;246m▄[38;2;69;136;103;48;2;168;208;193m▄[38;2;168;208;193;48;2;225;251;246m▄[48;2;212;241;234m [38;2;225;251;246;48;2;228;245;250m▄[38;2;225;251;246;48;2;117;167;209m▄[38;2;238;252;253;48;2;117;167;209m▄[38;2;194;221;237;48;2;117;167;209m▄[48;2;117;167;209m [49m          [m
 [38;2;69;136;103;49m▄[38;2;225;251;246;48;2;69;136;103m▄▄[38;2;69;136;103;48;2;225;251;246m▄[49;38;2;69;136;103m▀[49m  [49;38;2;69;136;103m▀▀▀▀[49;38;2;117;167;209m▀▀[49m           [m
 [48;2;69;136;103m [38;2;69;136;103;48;2;168;208;193m▄▄[49;38;2;69;136;103m▀[49m                    [m
 
  [49;38;2;69;136;103mT [49;38;2;168;208;193mE [49;38;2;117;167;209mR [49;38;2;194;221;237mR [49;38;2;133;115;205mA [49;38;2;207;194;237mP [49;38;2;194;148;218mR [49;38;2;239;221;248mI [49;38;2;218;181;148mS [49;38;2;250;243;228mM [49;38;2;204;198;139mA [m 
[49;38;2;69;136;103mv[49;38;2;70;137;106me[49;38;2;72;138;110mr[49;38;2;73;138;112ms[49;38;2;75;139;116mi[49;38;2;76;140;119mo[49;38;2;77;141;122mn[49;38;2;79;142;125m [49;38;2;80;143;128m1[49;38;2;81;144;131m.[49;38;2;83;145;135m0[49;38;2;84;146;137m.[49;38;2;86;147;141m0[49;38;2;87;148;144m.[49;38;2;89;149;147m0[49;38;2;90;149;150m,[49;38;2;91;150;153m [49;38;2;93;151;156mb[49;38;2;94;152;159my[49;38;2;96;153;162m [49;38;2;97;154;166mT[49;38;2;98;155;169mo[49;38;2;100;156;172mm[49;38;2;101;157;175ma[49;38;2;103;158;178mt[m
